18,84
18,83
18,82
18,81
18,80
18,79
18,78
18,77
18,76
18,75
18,74
18,73
18,72
18,71
18,70
18,69
18,68
18,67
18,66
18,65
18,64
18,35
18,34
18,33
18,32
18,31
18,30
18,29
18,28
18,27
18,26
18,25
18,24
18,23
18,22
18,21
18,20
18,19
18,18
18,17
18,16
18,15
18,14
18,13
18,12
18,11
18,10
18,9
18,8
18,7
18,6
18,5
18,1
18,4
18,3
18,0
12,1
12,3
12,0
14,1
14,3
14,0
15,1
15,3
15,0
9,1
9,3
9,0
8,1
8,3
8,0
7,1
7,3
7,0
6,1
6,3
6,0
19,1
19,3
19,0
4,3
4,2
4,1
4,0
3,6
3,5
3,4
171,1
3,3
3,2
171,3
3,1
171,0
3,0
168,1
2,2
168,3
168,0
1,2
1,1
1,3
0,243
1,0
2,1
2,3
2,0
0,9
0,310
0,305
0,308
0,304
0,303
0,302
0,307
0,12
0,10
0,8
0,0
0,412
0,300
0,411
0,299
0,410
0,298
0,409
0,297
0,408
0,296
0,407
0,295
0,406
0,294
0,405
0,293
0,445
0,292
0,438
0,291
0,404
0,290
0,403
0,289
0,402
0,288
0,400
0,287
0,399
0,286
0,401
0,285
0,398
0,284
0,397
0,283
0,396
0,282
0,395
0,281
0,394
0,280
0,393
0,279
0,437
0,278
0,444
0,277
0,392
0,276
0,391
0,275
0,390
0,274
0,436
18,85
18,86
18,88
18,89
18,91
18,92
18,94
18,96
18,97
18,99
18,100
18,102
18,104
18,105
18,107
18,108
18,110
18,111
18,113
18,115
18,116
18,118
18,119
18,121
18,123
18,124
18,126
18,127
18,129
18,130
18,132
18,134
18,135
18,137
18,138
18,140
18,142
18,143
18,145
18,146
18,148
18,149
18,151
18,153
18,154
18,156
18,157
18,159
18,161
18,162
18,164
18,165
18,167
18,169
18,170
18,172
18,173
18,175
18,176
18,178
18,180
18,181
18,183
18,184
18,186
18,188
18,189
18,191
18,192
18,194
18,195
18,197
18,199
18,200
18,202
18,203
18,205
18,207
18,208
18,210
18,211
18,213
18,214
18,216
18,218
18,219
18,221
18,222
18,224
18,226
18,227
18,229
18,230
18,232
18,234
18,235
18,237
18,238
18,240
18,241
18,243
18,245
18,246
18,248
18,249
18,251
18,253
18,254
156,0
156,3
161,0
161,3
158,0
158,1
161,4
158,3
161,1
156,1
18,255
18,252
18,250
18,247
18,244
18,242
18,239
18,236
18,233
18,231
18,228
18,225
18,223
18,220
18,217
18,215
18,212
18,209
18,206
18,204
18,201
18,198
18,196
18,193
18,190
18,187
18,185
18,182
18,179
18,177
18,174
18,171
18,168
18,166
18,163
18,160
18,158
18,155
18,152
18,150
18,147
18,144
18,141
18,139
18,136
18,133
18,131
18,128
18,125
18,122
18,120
18,117
18,114
18,112
18,109
18,106
18,103
18,101
18,98
18,95
18,93
18,90
18,87
0,273
0,389
0,272
0,388
0,271
0,434
0,270
0,433
0,269
0,435
0,268
0,387
0,267
0,386
0,266
0,385
0,265
0,384
0,264
0,383
0,263
0,446
0,262
0,432
0,261
0,382
0,260
0,381
0,259
0,443
0,258
0,431
0,257
0,430
0,256
0,380
0,255
0,379
0,254
0,378
0,253
0,377
0,252
0,376
0,251
0,429
0,250
0,428
0,249
0,375
0,248
0,374
0,247
0,427
0,246
0,426
0,245
0,425
0,244
0,373
0,242
0,372
0,241
0,371
0,240
0,370
0,239
0,369
0,238
0,424
0,237
0,423
0,236
0,368
0,235
0,367
0,234
0,442
0,233
0,441
0,232
0,440
0,231
0,366
0,230
0,365
0,229
0,364
0,228
0,363
0,227
0,362
0,226
0,422
0,225
0,421
0,224
0,361
0,223
0,360
0,222
0,359
0,221
0,420
0,220
0,358
0,219
0,357
0,218
0,356
0,217
0,355
0,216
0,354
0,215
0,353
0,214
0,419
0,213
0,352
0,212
0,351
0,211
0,350
0,210
0,418
0,209
0,416
0,208
0,340
0,207
0,339
0,206
0,338
0,205
0,337
0,204
0,439
0,203
0,336
0,202
0,335
0,201
0,334
0,200
0,333
0,199
0,332
0,198
0,331
0,197
0,330
0,196
0,329
0,195
0,328
0,194
0,415
0,193
0,327
0,192
0,326
0,63
0,325
0,62
0,324
0,61
0,414
0,60
0,323
0,59
0,321
0,58
0,320
0,57
0,319
0,56
0,318
0,55
0,317
0,54
0,413
0,53
0,316
0,52
0,315
0,51
0,314
0,50
0,313
0,49
0,312
0,48
0,311
0,47
0,309
0,46
0,306
0,45
0,301
0,6
0,5
0,1
0,11
0,4
0,2
0,3
0,7
